{
 "cells": [
  {
   "cell_type": "code",
   "execution_count": 1,
   "id": "ada0ddbb",
   "metadata": {},
   "outputs": [],
   "source": [
    "import torch.nn as nn\n",
    "\n",
    "class SelfAttention_V2(nn.Module):\n",
    "\n",
    "    def __init__(self, d_in, d_out, qkv_bias = False):\n",
    "        super().__init__()\n",
    "        self.W_query = nn.Linear(d_in, d_out,bias=qkv_bias)\n",
    "        self.W_key   = nn.Linear(d_in, d_out,bias=qkv_bias)\n",
    "        self.W_value = nn.Linear(d_in, d_out,bias=qkv_bias)\n",
    "    \n",
    "\n",
    "    def forward(self, x):\n",
    "        keys = self.W_key(x)\n",
    "        queries = self.W_query(x)\n",
    "        values = self.W_value(x)\n",
    "\n",
    "        attn_scores = queries @ keys.T\n",
    "        attn_weights = torch.softmax(\n",
    "            attn_scores / keys.shape[-1] ** 0.5 , dim = -1\n",
    "        )\n",
    "\n",
    "        context_vector = attn_weights @ values\n",
    "        return context_vector"
   ]
  },
  {
   "cell_type": "code",
   "execution_count": 2,
   "id": "9117de93",
   "metadata": {},
   "outputs": [],
   "source": [
    "import torch\n",
    "\n",
    "inputs = torch.tensor(\n",
    "    [[0.43, 0.15, 0.89],  # your      (x^1)\n",
    "     [0.55, 0.87, 0.66],  # journey   (x^2)\n",
    "     [0.57, 0.85, 0.64],  # starts    (x^3)\n",
    "     [0.22, 0.58, 0.34],  # with      (x^4)\n",
    "     [0.77, 0.25, 0.10],  # one       (x^5)\n",
    "     [0.05, 0.81, 0.55]]  # step      (x^6)\n",
    " )"
   ]
  },
  {
   "cell_type": "code",
   "execution_count": 3,
   "id": "e29b2f6e",
   "metadata": {},
   "outputs": [],
   "source": [
    "d_in = inputs.shape[1]\n",
    "d_out = 2"
   ]
  },
  {
   "cell_type": "code",
   "execution_count": 4,
   "id": "51a9a111",
   "metadata": {},
   "outputs": [
    {
     "name": "stdout",
     "output_type": "stream",
     "text": [
      "tensor([[0.1921, 0.1646, 0.1652, 0.1553, 0.1721, 0.1507],\n",
      "        [0.2041, 0.1659, 0.1662, 0.1500, 0.1664, 0.1474],\n",
      "        [0.2035, 0.1659, 0.1662, 0.1503, 0.1664, 0.1477],\n",
      "        [0.1871, 0.1666, 0.1668, 0.1573, 0.1661, 0.1561],\n",
      "        [0.1830, 0.1668, 0.1669, 0.1591, 0.1658, 0.1583],\n",
      "        [0.1937, 0.1663, 0.1666, 0.1544, 0.1665, 0.1525]],\n",
      "       grad_fn=<SoftmaxBackward0>)\n"
     ]
    }
   ],
   "source": [
    "torch.manual_seed(789)\n",
    "sa_v2 = SelfAttention_V2(d_in, d_out)\n",
    "queries = sa_v2.W_query(inputs)\n",
    "keys = sa_v2.W_key(inputs)\n",
    "\n",
    "attn_scores = queries @ keys.T\n",
    "attn_weights = torch.softmax(attn_scores / keys.shape[-1] ** 0.5, dim = 1)\n",
    "print(attn_weights)"
   ]
  },
  {
   "cell_type": "markdown",
   "id": "16221b50",
   "metadata": {},
   "source": [
    "<div class=\"alert alert-block alert-success\">\n",
    "We can now use Pytorch tril function to create a mask where the value above the diagnoal are zero\n",
    "</div>"
   ]
  },
  {
   "cell_type": "code",
   "execution_count": 5,
   "id": "1373b095",
   "metadata": {},
   "outputs": [
    {
     "name": "stdout",
     "output_type": "stream",
     "text": [
      "tensor([[1., 0., 0., 0., 0., 0.],\n",
      "        [1., 1., 0., 0., 0., 0.],\n",
      "        [1., 1., 1., 0., 0., 0.],\n",
      "        [1., 1., 1., 1., 0., 0.],\n",
      "        [1., 1., 1., 1., 1., 0.],\n",
      "        [1., 1., 1., 1., 1., 1.]])\n"
     ]
    }
   ],
   "source": [
    "context_length = attn_scores.shape[0]\n",
    "mask_simple = torch.tril(torch.ones(context_length, context_length))\n",
    "print(mask_simple)"
   ]
  },
  {
   "cell_type": "code",
   "execution_count": 6,
   "id": "1a78607e",
   "metadata": {},
   "outputs": [
    {
     "name": "stdout",
     "output_type": "stream",
     "text": [
      "tensor([[0.1921, 0.0000, 0.0000, 0.0000, 0.0000, 0.0000],\n",
      "        [0.2041, 0.1659, 0.0000, 0.0000, 0.0000, 0.0000],\n",
      "        [0.2035, 0.1659, 0.1662, 0.0000, 0.0000, 0.0000],\n",
      "        [0.1871, 0.1666, 0.1668, 0.1573, 0.0000, 0.0000],\n",
      "        [0.1830, 0.1668, 0.1669, 0.1591, 0.1658, 0.0000],\n",
      "        [0.1937, 0.1663, 0.1666, 0.1544, 0.1665, 0.1525]],\n",
      "       grad_fn=<MulBackward0>)\n"
     ]
    }
   ],
   "source": [
    "masked_attn_weight = attn_weights * mask_simple\n",
    "print(masked_attn_weight)"
   ]
  },
  {
   "cell_type": "markdown",
   "id": "cbb43d46",
   "metadata": {},
   "source": [
    "<div class=\"alert alert-block alert-success\">\n",
    "The Third step is to renormalize the attention weight to sum up to 1 again in each row\n",
    "We can achieve this by dividing each element in each row by the sum in each row\n",
    "</div>"
   ]
  },
  {
   "cell_type": "code",
   "execution_count": 7,
   "id": "d09fdced",
   "metadata": {},
   "outputs": [
    {
     "name": "stdout",
     "output_type": "stream",
     "text": [
      "tensor([[1.0000, 0.0000, 0.0000, 0.0000, 0.0000, 0.0000],\n",
      "        [0.5517, 0.4483, 0.0000, 0.0000, 0.0000, 0.0000],\n",
      "        [0.3800, 0.3097, 0.3103, 0.0000, 0.0000, 0.0000],\n",
      "        [0.2760, 0.2459, 0.2461, 0.2321, 0.0000, 0.0000],\n",
      "        [0.2175, 0.1982, 0.1983, 0.1890, 0.1970, 0.0000],\n",
      "        [0.1937, 0.1663, 0.1666, 0.1544, 0.1665, 0.1525]],\n",
      "       grad_fn=<DivBackward0>)\n"
     ]
    }
   ],
   "source": [
    "row_sums = masked_attn_weight.sum(dim = 1, keepdim= True)\n",
    "masked_attn_weight_norm = masked_attn_weight / row_sums\n",
    "print(masked_attn_weight_norm)"
   ]
  },
  {
   "cell_type": "code",
   "execution_count": 8,
   "id": "bd5c6c20",
   "metadata": {},
   "outputs": [],
   "source": [
    "torch.manual_seed(789)\n",
    "sa_v2 = SelfAttention_V2(d_in, d_out)\n",
    "queries = sa_v2.W_query(inputs)\n",
    "keys = sa_v2.W_key(inputs)\n",
    "\n",
    "attn_scores = queries @ keys.T"
   ]
  },
  {
   "cell_type": "code",
   "execution_count": 9,
   "id": "0b1e6601",
   "metadata": {},
   "outputs": [
    {
     "name": "stdout",
     "output_type": "stream",
     "text": [
      "tensor([[0.2899,   -inf,   -inf,   -inf,   -inf,   -inf],\n",
      "        [0.4656, 0.1723,   -inf,   -inf,   -inf,   -inf],\n",
      "        [0.4594, 0.1703, 0.1731,   -inf,   -inf,   -inf],\n",
      "        [0.2661, 0.1026, 0.1040, 0.0209,   -inf,   -inf],\n",
      "        [0.2183, 0.0874, 0.0882, 0.0198, 0.0786,   -inf],\n",
      "        [0.3436, 0.1284, 0.1304, 0.0235, 0.1298, 0.0061]],\n",
      "       grad_fn=<MaskedFillBackward0>)\n"
     ]
    }
   ],
   "source": [
    "mask = torch.triu(torch.ones(context_length, context_length), diagonal= 1)\n",
    "masked = attn_scores.masked_fill(mask.bool(),-torch.inf)\n",
    "print(masked)"
   ]
  },
  {
   "cell_type": "code",
   "execution_count": 10,
   "id": "bf5b9a65",
   "metadata": {},
   "outputs": [
    {
     "name": "stdout",
     "output_type": "stream",
     "text": [
      "tensor([[1.0000, 0.0000, 0.0000, 0.0000, 0.0000, 0.0000],\n",
      "        [0.5517, 0.4483, 0.0000, 0.0000, 0.0000, 0.0000],\n",
      "        [0.3800, 0.3097, 0.3103, 0.0000, 0.0000, 0.0000],\n",
      "        [0.2760, 0.2459, 0.2461, 0.2321, 0.0000, 0.0000],\n",
      "        [0.2175, 0.1982, 0.1983, 0.1890, 0.1970, 0.0000],\n",
      "        [0.1937, 0.1663, 0.1666, 0.1544, 0.1665, 0.1525]],\n",
      "       grad_fn=<SoftmaxBackward0>)\n"
     ]
    }
   ],
   "source": [
    "attn_weights = torch.softmax(masked/ keys.shape[-1]**0.5 , dim = 1)\n",
    "print(attn_weights)"
   ]
  },
  {
   "cell_type": "code",
   "execution_count": 20,
   "id": "358f30c1",
   "metadata": {},
   "outputs": [
    {
     "name": "stdout",
     "output_type": "stream",
     "text": [
      "tensor([[2., 2., 2., 2., 2., 2.],\n",
      "        [0., 2., 0., 0., 0., 0.],\n",
      "        [0., 0., 2., 0., 2., 0.],\n",
      "        [2., 2., 0., 0., 0., 2.],\n",
      "        [2., 0., 0., 0., 0., 2.],\n",
      "        [0., 2., 0., 0., 0., 0.]])\n"
     ]
    }
   ],
   "source": [
    "torch.manual_seed(123)\n",
    "dropout = torch.nn.Dropout(0.5)\n",
    "example = torch.ones(6,6)\n",
    "print(dropout(example))"
   ]
  },
  {
   "cell_type": "code",
   "execution_count": null,
   "id": "bd9b9ea8",
   "metadata": {},
   "outputs": [
    {
     "name": "stdout",
     "output_type": "stream",
     "text": [
      "tensor([[2.0000, 0.0000, 0.0000, 0.0000, 0.0000, 0.0000],\n",
      "        [0.0000, 0.8966, 0.0000, 0.0000, 0.0000, 0.0000],\n",
      "        [0.0000, 0.0000, 0.6206, 0.0000, 0.0000, 0.0000],\n",
      "        [0.5520, 0.4917, 0.0000, 0.0000, 0.0000, 0.0000],\n",
      "        [0.4349, 0.0000, 0.0000, 0.0000, 0.0000, 0.0000],\n",
      "        [0.0000, 0.3326, 0.0000, 0.0000, 0.0000, 0.0000]],\n",
      "       grad_fn=<MulBackward0>)\n"
     ]
    }
   ],
   "source": [
    "torch.manual_seed(123)\n",
    "print(dropout(attn_weights))"
   ]
  },
  {
   "cell_type": "markdown",
   "id": "0e63a9cc",
   "metadata": {},
   "source": [
    "<div class=\"alert alert-block alert-info\">\n",
    "Implementing a COMPACT CAUSAL SELF ATTENTION CLASS\n",
    "</div>"
   ]
  },
  {
   "cell_type": "code",
   "execution_count": 23,
   "id": "b326210a",
   "metadata": {},
   "outputs": [
    {
     "name": "stdout",
     "output_type": "stream",
     "text": [
      "torch.Size([2, 6, 3])\n"
     ]
    }
   ],
   "source": [
    "batch = torch.stack((inputs,inputs), dim = 0)\n",
    "print(batch.shape)"
   ]
  },
  {
   "cell_type": "code",
   "execution_count": 24,
   "id": "569b4dda",
   "metadata": {},
   "outputs": [
    {
     "name": "stdout",
     "output_type": "stream",
     "text": [
      "tensor([[[0.4300, 0.1500, 0.8900],\n",
      "         [0.5500, 0.8700, 0.6600],\n",
      "         [0.5700, 0.8500, 0.6400],\n",
      "         [0.2200, 0.5800, 0.3400],\n",
      "         [0.7700, 0.2500, 0.1000],\n",
      "         [0.0500, 0.8100, 0.5500]],\n",
      "\n",
      "        [[0.4300, 0.1500, 0.8900],\n",
      "         [0.5500, 0.8700, 0.6600],\n",
      "         [0.5700, 0.8500, 0.6400],\n",
      "         [0.2200, 0.5800, 0.3400],\n",
      "         [0.7700, 0.2500, 0.1000],\n",
      "         [0.0500, 0.8100, 0.5500]]])\n"
     ]
    }
   ],
   "source": [
    "print(batch)"
   ]
  },
  {
   "cell_type": "code",
   "execution_count": 31,
   "id": "48c5f544",
   "metadata": {},
   "outputs": [],
   "source": [
    "import torch.nn as nn\n",
    "\n",
    "class CausalAttention(nn.Module):\n",
    "\n",
    "    def __init__(self, d_in, d_out,context_length,dropout, qkv_bias = False):\n",
    "        super().__init__()\n",
    "        self.d_out = d_out\n",
    "        self.W_query = nn.Linear(d_in, d_out,bias=qkv_bias)\n",
    "        self.W_key   = nn.Linear(d_in, d_out,bias=qkv_bias)\n",
    "        self.W_value = nn.Linear(d_in, d_out,bias=qkv_bias)\n",
    "        self.dropout = nn.Dropout(dropout)\n",
    "        self.register_buffer('mask', torch.triu(torch.ones(context_length,context_length),diagonal=1))\n",
    "    \n",
    "\n",
    "    def forward(self, x):\n",
    "        b, num_tokens, d_in = x.shape\n",
    "        keys = self.W_key(x)\n",
    "        queries = self.W_query(x)\n",
    "        values = self.W_value(x)\n",
    "\n",
    "        attn_scores = queries @ keys.transpose(1,2)\n",
    "        attn_scores.masked_fill(\n",
    "            self.mask.bool()[:num_tokens,:num_tokens],-torch.inf)\n",
    "        \n",
    "        attn_weights = torch.softmax(\n",
    "            attn_scores / keys.shape[-1] ** 0.5 , dim = -1\n",
    "        )\n",
    "\n",
    "        attn_weights = self.dropout(attn_weights)\n",
    "        context_vector = attn_weights @ values\n",
    "\n",
    "        return context_vector"
   ]
  },
  {
   "cell_type": "code",
   "execution_count": null,
   "id": "a686d31b",
   "metadata": {},
   "outputs": [
    {
     "name": "stdout",
     "output_type": "stream",
     "text": [
      "context vector shape: torch.Size([2, 6, 2])\n"
     ]
    }
   ],
   "source": [
    "torch.manual_seed(123)\n",
    "context_length = batch.shape[1]\n",
    "\n",
    "ca = CausalAttention(d_in, d_out, context_length, dropout=0.2)\n",
    "\n",
    "context_vector = ca(batch)\n",
    "\n",
    "print(\"context vector shape:\", context_vector.shape)"
   ]
  },
  {
   "cell_type": "code",
   "execution_count": 33,
   "id": "dbdcc233",
   "metadata": {},
   "outputs": [
    {
     "name": "stdout",
     "output_type": "stream",
     "text": [
      "tensor([[[-0.6682, -0.1315],\n",
      "         [-0.6665, -0.1351],\n",
      "         [-0.5893, -0.1045],\n",
      "         [-0.5709, -0.1800],\n",
      "         [-0.5874, -0.1027],\n",
      "         [-0.5843, -0.1039]],\n",
      "\n",
      "        [[-0.6682, -0.1315],\n",
      "         [-0.4180, -0.1376],\n",
      "         [-0.5110, -0.0921],\n",
      "         [-0.5642, -0.1020],\n",
      "         [-0.5116, -0.0910],\n",
      "         [-0.4216, -0.0609]]], grad_fn=<UnsafeViewBackward0>)\n"
     ]
    }
   ],
   "source": [
    "print(context_vector)"
   ]
  }
 ],
 "metadata": {
  "kernelspec": {
   "display_name": "base",
   "language": "python",
   "name": "python3"
  },
  "language_info": {
   "codemirror_mode": {
    "name": "ipython",
    "version": 3
   },
   "file_extension": ".py",
   "mimetype": "text/x-python",
   "name": "python",
   "nbconvert_exporter": "python",
   "pygments_lexer": "ipython3",
   "version": "3.12.7"
  }
 },
 "nbformat": 4,
 "nbformat_minor": 5
}
