{
 "cells": [
  {
   "cell_type": "code",
   "execution_count": 1,
   "id": "78df02d2",
   "metadata": {},
   "outputs": [],
   "source": [
    "import torch.nn as nn\n",
    "import torch\n",
    "\n",
    "class SelfAttention_V2(nn.Module):\n",
    "\n",
    "    def __init__(self, d_in, d_out, qkv_bias = False):\n",
    "        super().__init__()\n",
    "        self.W_query = nn.Linear(d_in, d_out,bias=qkv_bias)\n",
    "        self.W_key   = nn.Linear(d_in, d_out,bias=qkv_bias)\n",
    "        self.W_value = nn.Linear(d_in, d_out,bias=qkv_bias)\n",
    "    \n",
    "\n",
    "    def forward(self, x):\n",
    "        keys = self.W_key(x)\n",
    "        queries = self.W_query(x)\n",
    "        values = self.W_value(x)\n",
    "\n",
    "        attn_scores = queries @ keys.T\n",
    "        attn_weights = torch.softmax(\n",
    "            attn_scores / keys.shape[-1] ** 0.5 , dim = -1\n",
    "        )\n",
    "\n",
    "        context_vector = attn_weights @ values\n",
    "        return context_vector"
   ]
  },
  {
   "cell_type": "code",
   "execution_count": 3,
   "id": "243622fa",
   "metadata": {},
   "outputs": [],
   "source": [
    "import torch\n",
    "\n",
    "inputs = torch.tensor(\n",
    "    [[0.43, 0.15, 0.89],  # your      (x^1)\n",
    "     [0.55, 0.87, 0.66],  # journey   (x^2)\n",
    "     [0.57, 0.85, 0.64],  # starts    (x^3)\n",
    "     [0.22, 0.58, 0.34],  # with      (x^4)\n",
    "     [0.77, 0.25, 0.10],  # one       (x^5)\n",
    "     [0.05, 0.81, 0.55]]  # step      (x^6)\n",
    " )"
   ]
  },
  {
   "cell_type": "code",
   "execution_count": 4,
   "id": "e68b429b",
   "metadata": {},
   "outputs": [],
   "source": [
    "d_in = inputs.shape[1]\n",
    "d_out = 2"
   ]
  },
  {
   "cell_type": "code",
   "execution_count": 5,
   "id": "134fd988",
   "metadata": {},
   "outputs": [
    {
     "name": "stdout",
     "output_type": "stream",
     "text": [
      "tensor([[0.1921, 0.1646, 0.1652, 0.1553, 0.1721, 0.1507],\n",
      "        [0.2041, 0.1659, 0.1662, 0.1500, 0.1664, 0.1474],\n",
      "        [0.2035, 0.1659, 0.1662, 0.1503, 0.1664, 0.1477],\n",
      "        [0.1871, 0.1666, 0.1668, 0.1573, 0.1661, 0.1561],\n",
      "        [0.1830, 0.1668, 0.1669, 0.1591, 0.1658, 0.1583],\n",
      "        [0.1937, 0.1663, 0.1666, 0.1544, 0.1665, 0.1525]],\n",
      "       grad_fn=<SoftmaxBackward0>)\n"
     ]
    }
   ],
   "source": [
    "torch.manual_seed(789)\n",
    "sa_v2 = SelfAttention_V2(d_in, d_out)\n",
    "queries = sa_v2.W_query(inputs)\n",
    "keys = sa_v2.W_key(inputs)\n",
    "\n",
    "attn_scores = queries @ keys.T\n",
    "attn_weights = torch.softmax(attn_scores / keys.shape[-1] ** 0.5, dim = 1)\n",
    "print(attn_weights)"
   ]
  },
  {
   "cell_type": "code",
   "execution_count": 15,
   "id": "910f4b32",
   "metadata": {},
   "outputs": [
    {
     "data": {
      "text/plain": [
       "tensor([[1., 0., 0., 0., 0., 0.],\n",
       "        [1., 1., 0., 0., 0., 0.],\n",
       "        [1., 1., 1., 0., 0., 0.],\n",
       "        [1., 1., 1., 1., 0., 0.],\n",
       "        [1., 1., 1., 1., 1., 0.],\n",
       "        [1., 1., 1., 1., 1., 1.]])"
      ]
     },
     "execution_count": 15,
     "metadata": {},
     "output_type": "execute_result"
    }
   ],
   "source": [
    "context_length = attn_scores.shape[0]\n",
    "mask_simple = torch.tril(torch.ones(context_length,context_length))\n",
    "mask_simple"
   ]
  },
  {
   "cell_type": "code",
   "execution_count": 7,
   "id": "5d6e759d",
   "metadata": {},
   "outputs": [
    {
     "data": {
      "text/plain": [
       "tensor([[0.1921, 0.0000, 0.0000, 0.0000, 0.0000, 0.0000],\n",
       "        [0.2041, 0.1659, 0.0000, 0.0000, 0.0000, 0.0000],\n",
       "        [0.2035, 0.1659, 0.1662, 0.0000, 0.0000, 0.0000],\n",
       "        [0.1871, 0.1666, 0.1668, 0.1573, 0.0000, 0.0000],\n",
       "        [0.1830, 0.1668, 0.1669, 0.1591, 0.1658, 0.0000],\n",
       "        [0.1937, 0.1663, 0.1666, 0.1544, 0.1665, 0.1525]],\n",
       "       grad_fn=<MulBackward0>)"
      ]
     },
     "execution_count": 7,
     "metadata": {},
     "output_type": "execute_result"
    }
   ],
   "source": [
    "masked_atten_weight = attn_weights * mask_simple\n",
    "masked_atten_weight"
   ]
  },
  {
   "cell_type": "code",
   "execution_count": 10,
   "id": "c8b054dd",
   "metadata": {},
   "outputs": [
    {
     "name": "stdout",
     "output_type": "stream",
     "text": [
      "tensor([[1.0000, 0.0000, 0.0000, 0.0000, 0.0000, 0.0000],\n",
      "        [0.5517, 0.4483, 0.0000, 0.0000, 0.0000, 0.0000],\n",
      "        [0.3800, 0.3097, 0.3103, 0.0000, 0.0000, 0.0000],\n",
      "        [0.2760, 0.2459, 0.2461, 0.2321, 0.0000, 0.0000],\n",
      "        [0.2175, 0.1982, 0.1983, 0.1890, 0.1970, 0.0000],\n",
      "        [0.1937, 0.1663, 0.1666, 0.1544, 0.1665, 0.1525]],\n",
      "       grad_fn=<DivBackward0>)\n"
     ]
    }
   ],
   "source": [
    "row_sums = masked_atten_weight.sum(dim = 1 , keepdim=True)\n",
    "masked_simple_norm = masked_atten_weight / row_sums\n",
    "print(masked_simple_norm)"
   ]
  },
  {
   "cell_type": "code",
   "execution_count": 11,
   "id": "049cd4ca",
   "metadata": {},
   "outputs": [],
   "source": [
    "torch.manual_seed(789)\n",
    "sa_v2 = SelfAttention_V2(d_in, d_out)\n",
    "queries = sa_v2.W_query(inputs)\n",
    "keys = sa_v2.W_key(inputs)\n",
    "\n",
    "attn_scores = queries @ keys.T"
   ]
  },
  {
   "cell_type": "code",
   "execution_count": null,
   "id": "e93ef5af",
   "metadata": {},
   "outputs": [
    {
     "data": {
      "text/plain": [
       "tensor([[0.2899,   -inf,   -inf,   -inf,   -inf,   -inf],\n",
       "        [0.4656, 0.1723,   -inf,   -inf,   -inf,   -inf],\n",
       "        [0.4594, 0.1703, 0.1731,   -inf,   -inf,   -inf],\n",
       "        [0.2661, 0.1026, 0.1040, 0.0209,   -inf,   -inf],\n",
       "        [0.2183, 0.0874, 0.0882, 0.0198, 0.0786,   -inf],\n",
       "        [0.3436, 0.1284, 0.1304, 0.0235, 0.1298, 0.0061]],\n",
       "       grad_fn=<MaskedFillBackward0>)"
      ]
     },
     "execution_count": 14,
     "metadata": {},
     "output_type": "execute_result"
    }
   ],
   "source": [
    "cmasked\n"
   ]
  },
  {
   "cell_type": "code",
   "execution_count": 16,
   "id": "0ba86654",
   "metadata": {},
   "outputs": [
    {
     "data": {
      "text/plain": [
       "tensor([[1.0000, 0.0000, 0.0000, 0.0000, 0.0000, 0.0000],\n",
       "        [0.5517, 0.4483, 0.0000, 0.0000, 0.0000, 0.0000],\n",
       "        [0.3800, 0.3097, 0.3103, 0.0000, 0.0000, 0.0000],\n",
       "        [0.2760, 0.2459, 0.2461, 0.2321, 0.0000, 0.0000],\n",
       "        [0.2175, 0.1982, 0.1983, 0.1890, 0.1970, 0.0000],\n",
       "        [0.1937, 0.1663, 0.1666, 0.1544, 0.1665, 0.1525]],\n",
       "       grad_fn=<SoftmaxBackward0>)"
      ]
     },
     "execution_count": 16,
     "metadata": {},
     "output_type": "execute_result"
    }
   ],
   "source": [
    "attn_weights = torch.softmax(masked / keys.shape[-1]**0.5 , dim = 1)\n",
    "attn_weights"
   ]
  },
  {
   "cell_type": "code",
   "execution_count": 17,
   "id": "41b68164",
   "metadata": {},
   "outputs": [
    {
     "name": "stdout",
     "output_type": "stream",
     "text": [
      "tensor([[2., 2., 0., 2., 2., 0.],\n",
      "        [0., 0., 0., 2., 0., 2.],\n",
      "        [2., 2., 2., 2., 0., 2.],\n",
      "        [0., 2., 2., 0., 0., 2.],\n",
      "        [0., 2., 0., 2., 0., 2.],\n",
      "        [0., 2., 2., 2., 2., 0.]])\n"
     ]
    }
   ],
   "source": [
    "torch.manual_seed(123)\n",
    "dropout = torch.nn.Dropout(0.5)\n",
    "example = torch.ones(6,6)\n",
    "print(dropout(example))"
   ]
  },
  {
   "cell_type": "code",
   "execution_count": 18,
   "id": "29e20bf8",
   "metadata": {},
   "outputs": [
    {
     "name": "stdout",
     "output_type": "stream",
     "text": [
      "tensor([[2.0000, 0.0000, 0.0000, 0.0000, 0.0000, 0.0000],\n",
      "        [0.0000, 0.0000, 0.0000, 0.0000, 0.0000, 0.0000],\n",
      "        [0.0000, 0.6194, 0.6206, 0.0000, 0.0000, 0.0000],\n",
      "        [0.0000, 0.0000, 0.4922, 0.4641, 0.0000, 0.0000],\n",
      "        [0.0000, 0.0000, 0.0000, 0.0000, 0.3940, 0.0000],\n",
      "        [0.3873, 0.3326, 0.0000, 0.3089, 0.3330, 0.3051]],\n",
      "       grad_fn=<MulBackward0>)\n"
     ]
    }
   ],
   "source": [
    "print(dropout(attn_weights))"
   ]
  },
  {
   "cell_type": "markdown",
   "id": "fb4b44dd",
   "metadata": {},
   "source": [
    "<div class=\"alert alert-block alert-info\">\n",
    "Implementing a COMPACT CAUSAL SELF ATTENTION CLASS\n",
    "</div>"
   ]
  },
  {
   "cell_type": "code",
   "execution_count": 24,
   "id": "71110aa5",
   "metadata": {},
   "outputs": [],
   "source": [
    "import torch.nn as nn\n",
    "import torch\n",
    "\n",
    "class CasualAttentionBlock(nn.Module):\n",
    "\n",
    "    def __init__(self, d_in, d_out,context_length,dropout, qkv_bias = False):\n",
    "        super().__init__()\n",
    "        self.W_query = nn.Linear(d_in, d_out,bias=qkv_bias)\n",
    "        self.W_key   = nn.Linear(d_in, d_out,bias=qkv_bias)\n",
    "        self.W_value = nn.Linear(d_in, d_out,bias=qkv_bias)\n",
    "        self.dropout = nn.Dropout(dropout)\n",
    "        self.register_buffer('mask', torch.triu(torch.ones(context_length,context_length),diagonal=1))\n",
    "    \n",
    "\n",
    "\n",
    "    def forward(self, x):\n",
    "        b, num_tokens , d_in = x.shape\n",
    "        keys = self.W_key(x)\n",
    "        queries = self.W_query(x)\n",
    "        values = self.W_value(x)\n",
    "\n",
    "        attn_scores = queries @ keys.transpose(1,2)\n",
    "        attn_scores.masked_fill(\n",
    "            self.mask.bool()[:num_tokens,:num_tokens],\n",
    "            -torch.inf\n",
    "        )\n",
    "        attn_weights = torch.softmax(\n",
    "            attn_scores / keys.shape[-1] ** 0.5 , dim = -1\n",
    "        )\n",
    "\n",
    "        context_vector = attn_weights @ values\n",
    "        return context_vector"
   ]
  },
  {
   "cell_type": "code",
   "execution_count": 25,
   "id": "4b82b304",
   "metadata": {},
   "outputs": [],
   "source": [
    "batch = torch.stack((inputs,inputs), dim = 0)"
   ]
  },
  {
   "cell_type": "code",
   "execution_count": 26,
   "id": "4e344c25",
   "metadata": {},
   "outputs": [
    {
     "data": {
      "text/plain": [
       "tensor([[[-0.5346, -0.1052],\n",
       "         [-0.5332, -0.1081],\n",
       "         [-0.5332, -0.1081],\n",
       "         [-0.5307, -0.1077],\n",
       "         [-0.5319, -0.1067],\n",
       "         [-0.5308, -0.1082]],\n",
       "\n",
       "        [[-0.5346, -0.1052],\n",
       "         [-0.5332, -0.1081],\n",
       "         [-0.5332, -0.1081],\n",
       "         [-0.5307, -0.1077],\n",
       "         [-0.5319, -0.1067],\n",
       "         [-0.5308, -0.1082]]], grad_fn=<UnsafeViewBackward0>)"
      ]
     },
     "execution_count": 26,
     "metadata": {},
     "output_type": "execute_result"
    }
   ],
   "source": [
    "torch.manual_seed(123)\n",
    "context_length = batch.shape[1]\n",
    "\n",
    "\n",
    "ca = CasualAttentionBlock(d_in , d_out, context_length, dropout=0.2)\n",
    "\n",
    "context_vector = ca(batch)\n",
    "context_vector\n",
    "\n"
   ]
  }
 ],
 "metadata": {
  "kernelspec": {
   "display_name": "Python 3",
   "language": "python",
   "name": "python3"
  },
  "language_info": {
   "codemirror_mode": {
    "name": "ipython",
    "version": 3
   },
   "file_extension": ".py",
   "mimetype": "text/x-python",
   "name": "python",
   "nbconvert_exporter": "python",
   "pygments_lexer": "ipython3",
   "version": "3.10.0"
  }
 },
 "nbformat": 4,
 "nbformat_minor": 5
}
